0.000000,0.784448
0.010000,0.725529
0.020000,0.761278
0.030000,0.755975
0.040000,0.744338
0.050000,0.736968
0.060000,0.741066
0.070000,0.741590
0.080000,0.726261
0.090000,0.761656
0.100000,0.723166
0.110000,0.763909
0.120000,0.804652
0.130000,0.750139
0.140000,0.789076
0.150000,0.799366
0.160000,0.800102
0.170000,0.743349
0.180000,0.735485
0.190000,0.741682
0.200000,0.783305
0.210000,0.800192
0.220000,0.790823
0.230000,0.744083
0.240000,0.804746
0.250000,0.777960
0.260000,0.805077
0.270000,0.806699
0.280000,0.776677
0.290000,0.825273
0.300000,0.790373
0.310000,0.798516
0.320000,0.798496
0.330000,0.823522
0.340000,0.800869
0.350000,0.754288
0.360000,0.747062
0.370000,0.785491
0.380000,0.772586
0.390000,0.770800
0.400000,0.749974
0.410000,0.796111
0.420000,0.777435
0.430000,0.792598
0.440000,0.754104
0.450000,0.832589
0.460000,0.758092
0.470000,0.837841
0.480000,0.837937
0.490000,0.814897
0.500000,0.805088
0.510000,0.801632
0.520000,0.811770
0.530000,0.836492
0.540000,0.847867
0.550000,0.804218
0.560000,0.841187
0.570000,0.826346
0.580000,0.794269
0.590000,0.810629
0.600000,0.779098
0.610000,0.771141
0.620000,0.776242
0.630000,0.856739
0.640000,0.802101
0.650000,0.840116
0.660000,0.820063
0.670000,0.787784
0.680000,0.796218
0.690000,0.816132
0.700000,0.817207
0.710000,0.826445
0.720000,0.790946
0.730000,0.813255
0.740000,0.805153
0.750000,0.818631
0.760000,0.812478
0.770000,0.839314
0.780000,0.859328
0.790000,0.846013
0.800000,0.788746
0.810000,0.792476
0.820000,0.851729
0.830000,0.813169
0.840000,0.857986
0.850000,0.852125
0.860000,0.877956
0.870000,0.875498
0.880000,0.822352
0.890000,0.848132
0.900000,0.804840
0.910000,0.826515
0.920000,0.889134
0.930000,0.863042
0.940000,0.833215
0.950000,0.854346
0.960000,0.889461
0.970000,0.827434
0.980000,0.834957
0.990000,0.877264
1.000000,0.880222
1.010000,0.866718
1.020000,0.883402
1.030000,0.875180
1.040000,0.870637
1.050000,0.855525
1.060000,0.868275
1.070000,0.846797
1.080000,0.841420
1.090000,0.842274
1.100000,0.824815
1.110000,0.828980
1.120000,0.903095
1.130000,0.857721
1.140000,0.832510
1.150000,0.824371
1.160000,0.819087
1.170000,0.896567
1.180000,0.822988
1.190000,0.890708
1.200000,0.897877
1.210000,0.903474
1.220000,0.819619
1.230000,0.850256
1.240000,0.893942
1.250000,0.831146
1.260000,0.856439
1.270000,0.835715
1.280000,0.903346
1.290000,0.898039
1.300000,0.902548
1.310000,0.838910
1.320000,0.866832
1.330000,0.864857
1.340000,0.892111
1.350000,0.848929
1.360000,0.870293
1.370000,0.855061
1.380000,0.902115
1.390000,0.872843
1.400000,0.882038
1.410000,0.860268
1.420000,0.910865
1.430000,0.877583
1.440000,0.914869
1.450000,0.868815
1.460000,0.927414
1.470000,0.931813
1.480000,0.880202
1.490000,0.862874
1.500000,0.873544
1.510000,0.888760
1.520000,0.933295
1.530000,0.919010
1.540000,0.918096
1.550000,0.852457
1.560000,0.864261
1.570000,0.904020
1.580000,0.927953
1.590000,0.896632
1.600000,0.852071
1.610000,0.927033
1.620000,0.928189
1.630000,0.872205
1.640000,0.920635
1.650000,0.872224
1.660000,0.936094
1.670000,0.860915
1.680000,0.890541
1.690000,0.942047
1.700000,0.870219
1.710000,0.893734
1.720000,0.884184
1.730000,0.852495
1.740000,0.855753
1.750000,0.901225
1.760000,0.875197
1.770000,0.951664
1.780000,0.890293
1.790000,0.856208
1.800000,0.947057
1.810000,0.938475
1.820000,0.920134
1.830000,0.934854
1.840000,0.870052
1.850000,0.885554
1.860000,0.940413
1.870000,0.927614
1.880000,0.872452
1.890000,0.929691
1.900000,0.904560
1.910000,0.860785
1.920000,0.868741
1.930000,0.886966
1.940000,0.945423
1.950000,0.917359
1.960000,0.935751
1.970000,0.916351
1.980000,0.875237
1.990000,0.893471
2.000000,0.895316
2.010000,0.870514
2.020000,0.908258
2.030000,0.946199
2.040000,0.913052
2.050000,0.878956
2.060000,0.958913
2.070000,0.928597
2.080000,0.871090
2.090000,0.921505
2.100000,0.894681
2.110000,0.885362
2.120000,0.914443
2.130000,0.933513
2.140000,0.896599
2.150000,0.914708
2.160000,0.939995
2.170000,0.882624
2.180000,0.972031
2.190000,0.881834
2.200000,0.928171
2.210000,0.926795
2.220000,0.975390
2.230000,0.932465
2.240000,0.916586
2.250000,0.925043
2.260000,0.942083
2.270000,0.977105
2.280000,0.904849
2.290000,0.881589
2.300000,0.959296
2.310000,0.915402
2.320000,0.954691
2.330000,0.944696
2.340000,0.959492
2.350000,0.956330
2.360000,0.916531
2.370000,0.888179
2.380000,0.938811
2.390000,0.966023
2.400000,0.902641
2.410000,0.963505
2.420000,0.932510
2.430000,0.956041
2.440000,0.950129
2.450000,0.968556
2.460000,0.894166
2.470000,0.965923
2.480000,0.934518
2.490000,0.918538
2.500000,0.894017
2.510000,0.910024
2.520000,0.894706
2.530000,0.984290
2.540000,0.942926
2.550000,0.990734
2.560000,0.946556
2.570000,0.918015
2.580000,0.968441
2.590000,0.912649
2.600000,0.929661
2.610000,0.972471
2.620000,0.981388
2.630000,0.928421
2.640000,0.908094
2.650000,0.932865
2.660000,0.985427
2.670000,0.971222
2.680000,0.986767
2.690000,0.936377
2.700000,0.995494
2.710000,0.948148
2.720000,0.948685
2.730000,0.991768
2.740000,0.951666
2.750000,0.980253
2.760000,0.973245
2.770000,0.908827
2.780000,0.961575
2.790000,0.983958
2.800000,0.956664
2.810000,0.934628
2.820000,0.910903
2.830000,0.969376
2.840000,0.934319
2.850000,0.964316
2.860000,0.947049
2.870000,0.973795
2.880000,0.940353
2.890000,0.909813
2.900000,0.992958
2.910000,0.941586
2.920000,1.006519
2.930000,0.934531
2.940000,1.005450
2.950000,1.002607
2.960000,0.915688
2.970000,0.972302
2.980000,0.945247
2.990000,0.989389
3.000000,0.977583
3.010000,1.005281
3.020000,0.924640
3.030000,0.971477
3.040000,0.989207
3.050000,0.914911
3.060000,0.918508
3.070000,0.989988
3.080000,0.949120
3.090000,0.951122
3.100000,0.969909
3.110000,0.974041
3.120000,0.981783
3.130000,1.009103
3.140000,0.951764
3.150000,0.991212
3.160000,0.972636
3.170000,0.968528
3.180000,0.955722
3.190000,0.981211
3.200000,0.941550
3.210000,0.928267
3.220000,0.990821
3.230000,0.967488
3.240000,0.956612
3.250000,0.974408
3.260000,0.944745
3.270000,0.944921
3.280000,0.963843
3.290000,1.019175
3.300000,0.948417
3.310000,1.011827
3.320000,0.969618
3.330000,0.933079
3.340000,1.006414
3.350000,0.966651
3.360000,1.011628
3.370000,0.966583
3.380000,0.931162
3.390000,0.990886
3.400000,1.007554
3.410000,0.955268
3.420000,0.958358
3.430000,0.930414
3.440000,0.978441
3.450000,1.013660
3.460000,1.009964
3.470000,0.996309
3.480000,1.018159
3.490000,0.989494
3.500000,1.005391
3.510000,0.977192
3.520000,0.938747
3.530000,0.947001
3.540000,0.941083
3.550000,1.006523
3.560000,0.930404
3.570000,0.983466
3.580000,0.965242
3.590000,1.009003
3.600000,0.984086
3.610000,0.990400
3.620000,0.938110
3.630000,0.960699
3.640000,1.030009
3.650000,1.002216
3.660000,0.983177
3.670000,1.007801
3.680000,1.013494
3.690000,0.938810
3.700000,1.028947
3.710000,0.996215
3.720000,0.977250
3.730000,1.000534
3.740000,0.967244
3.750000,1.020857
3.760000,1.011354
3.770000,0.997574
3.780000,0.952056
3.790000,1.030750
3.800000,0.977648
3.810000,1.025720
3.820000,0.940451
3.830000,0.947585
3.840000,0.950729
3.850000,0.952151
3.860000,0.968208
3.870000,1.007131
3.880000,0.971055
3.890000,1.030797
3.900000,1.026452
3.910000,1.021804
3.920000,0.962522
3.930000,1.001217
3.940000,0.993044
3.950000,0.950725
3.960000,0.968737
3.970000,0.992048
3.980000,0.989202
3.990000,0.956052
4.000000,1.033592
4.010000,0.955092
4.020000,1.005787
4.030000,1.012217
4.040000,1.000906
4.050000,1.024883
4.060000,0.997229
4.070000,1.023627
4.080000,0.944176
4.090000,0.946119
4.100000,1.005951
4.110000,0.999715
4.120000,1.007383
4.130000,1.019196
4.140000,0.984388
4.150000,1.006857
4.160000,0.992990
4.170000,1.006129
4.180000,0.972606
4.190000,1.039529
4.200000,0.992382
4.210000,1.024780
4.220000,1.013032
4.230000,0.974498
4.240000,0.952273
4.250000,0.951186
4.260000,0.989374
4.270000,0.994057
4.280000,0.966251
4.290000,1.006731
4.300000,0.977538
4.310000,1.018331
4.320000,1.020128
4.330000,1.032999
4.340000,1.044670
4.350000,0.960420
4.360000,0.984608
4.370000,1.003929
4.380000,0.979884
4.390000,0.994827
4.400000,0.975134
4.410000,0.973384
4.420000,0.958479
4.430000,0.978023
4.440000,0.987621
4.450000,1.010946
4.460000,0.974438
4.470000,1.036342
4.480000,0.965982
4.490000,0.982955
4.500000,1.008179
4.510000,0.981880
4.520000,1.027118
4.530000,1.000828
4.540000,1.002670
4.550000,1.001268
4.560000,0.982440
4.570000,0.954097
4.580000,1.046495
4.590000,1.002708
4.600000,1.049023
4.610000,0.974059
4.620000,0.988024
4.630000,0.957977
4.640000,1.002600
4.650000,1.041532
4.660000,1.018911
4.670000,1.000729
4.680000,1.007524
4.690000,1.038757
4.700000,0.997316
4.710000,1.042651
4.720000,1.027339
4.730000,1.031155
4.740000,0.991543
4.750000,0.995188
4.760000,1.012337
4.770000,0.974952
4.780000,1.010987
4.790000,0.963195
4.800000,1.006443
4.810000,1.032634
4.820000,0.984340
4.830000,1.055452
4.840000,1.024756
4.850000,0.968770
4.860000,1.054569
4.870000,0.996623
4.880000,1.036893
4.890000,0.991482
4.900000,1.051637
4.910000,1.033408
4.920000,0.977985
4.930000,1.009159
4.940000,1.008421
4.950000,0.963110
4.960000,0.972448
4.970000,0.992213
4.980000,1.006448
4.990000,1.004936
